1   62.6
2   63.0
3   63.0
4   63.0
5   62.1
6   62.1
7   62.1
8   62.1
9   63.0
10   63.0
11   64.0
12   63.0
13   63.0
14   63.0
15   64.9
16   64.0
17   66.0
18   66.0
19   64.9
20   66.9
21   68.0
22   68.0
23   68.0
24   68.0
25   70.0
26   69.1
27   69.1
28   69.1
29   69.1
30   70.0
31   69.1
32   68.0
33   68.0
34   68.0
35   69.1
36   69.1
37   68.0
38   68.0
39   68.0
40   68.0
41   68.0
42   68.0
43   68.0
44   70.0
45   68.0
46   68.0
47   70.0
48   71.1
49   72.0
50   72.0
51   71.1
52   73.0
53   73.0
54   73.0
55   72.0
56   73.0
57   73.0
58   73.0
59   73.0
60   73.0
61   73.9
62   75.0
63   75.0
64   72.0
65   71.1
66   71.1
67   72.0
68   71.1
69   73.0
70   73.0
71   72.0
72   73.0
73   75.0
74   73.9
75   72.0
76   71.1
77   71.1
78   72.0
79   71.1
80   71.1
81   72.0
82   72.0
83   72.0
84   73.0
85   73.9
86   75.0
87   73.9
88   73.0
89   72.0
90   72.0
91   73.9
92   73.9
93   75.0
94   75.9
95   72.0
96   73.0
97   73.9
98   73.9
99   73.0
100   72.0
101   72.0
102   73.0
103   73.0
104   73.0
105   73.0
106   73.9
107   73.9
108   73.9
109   73.0
110   73.0
111   72.0
112   72.0
113   72.0
114   70.0
115   70.0
116   70.0
117   70.0
118   71.1
119   72.0
120   72.0
121   73.0
122   72.0
123   72.0
124   71.1
125   70.0
126   71.1
127   71.1
128   71.1
129   72.0
130   72.0
131   72.0
132   72.0
133   75.0
134   75.0
135   73.9
136   73.9
137   72.0
138   70.0
139   70.0
140   70.0
141   71.1
142   71.1
143   71.1
144   72.0
145   72.0
146   72.0
147   73.0
148   70.0
149   70.0
150   71.1
151   71.1
152   70.0
153   69.1
154   64.9
155   63.0
156   62.1
157   62.1
158   64.0
159   60.1
160   60.1
161   60.1
162   59.0
163   57.9
164   60.1
165   60.1
166   70.0
167   66.9
168   64.9
169   66.0
170   64.0
171   63.0
172   63.0
173   63.0
174   64.0
175   64.0
176   64.0
177   68.0
178   71.1
179   71.1
180   72.0
181   72.0
182   73.0
183   73.0
184   73.0
185   73.0
186   73.0
187   73.0
188   73.0
189   73.0
190   71.1
191   70.0
192   70.0
193   70.0
194   70.0
195   70.0
196   70.0
197   70.0
198   69.1
199   69.1
200   68.0
201   68.0
202   68.0
203   66.9
204   66.9
205   66.9
206   62.1
207   60.1
208   60.1
209   59.0
210   55.0
211   55.0
212   52.0
213   52.0
214   54.0
215   54.0
216   55.0
217   55.0
218   55.9
219   55.9
220   55.9
221   55.0
222   55.9
223   55.9
224   55.9
225   59.0
226   55.9
227   54.0
228   52.0
229   52.0
230   53.1
231   53.1
232   53.1
233   53.1
234   51.1
235   52.0
236   50.0
237   52.0
238   59.0
239   55.9
240   55.9
241   57.9
242   57.9
243   57.9
244   57.9
245   55.0
246   55.0
247   55.0
248   57.0
249   57.0
250   59.0
251   59.0
252   54.0
253   54.0
254   60.1
255   60.1
256   63.0
257   63.0
258   63.0
259   63.0
260   63.0
261   63.0
262   63.0
263   63.0
264   63.0
265   63.0
266   63.0
267   62.1
268   62.1
269   63.0
270   63.0
271   63.0
272   64.0
273   63.0
274   63.0
275   66.9
276   68.0
277   69.1
278   71.1
279   71.1
280   70.0
281   70.0
282   72.0
283   71.1
284   71.1
285   71.1
286   72.0
287   73.0
288   73.9
289   73.9
290   73.9
291   73.9
292   73.9
293   73.9
294   73.9
295   73.0
296   73.0
297   57.9
298   61.0
299   57.9
300   59.0
301   61.0
302   61.0
303   55.0
304   55.9
305   55.9
306   61.0
307   62.1
308   60.1
309   60.1
310   60.1
311   59.0
312   57.9
313   57.9
314   57.9
315   59.0
316   59.0
317   59.0
318   61.0
319   62.1
320   63.0
321   62.1
322   59.0
323   57.9
324   57.9
325   55.9
326   55.9
327   54.0
328   54.0
329   60.1
330   61.0
331   64.0
332   64.0
333   64.0
334   63.0
335   62.1
336   62.1
337   63.0
338   63.0
339   63.0
340   63.0
341   64.0
342   64.9
343   64.9
344   64.0
345   62.1
346   62.1
347   62.1
348   62.1
349   62.1
350   62.1
351   62.1
352   62.1
353   63.0
354   63.0
355   64.0
356   64.9
357   66.0
358   64.9
359   64.9
360   64.9
361   64.9
362   64.0
363   63.0
364   63.0
365   64.9
366   66.0
367   66.0
368   72.0
369   71.1
370   71.1
371   71.1
372   73.0
373   73.0
374   73.0
375   73.0
376   73.9
377   73.9
378   71.1
379   72.0
380   73.0
381   73.0
382   73.0
383   73.0
384   73.0
385   72.0
386   68.0
387   63.0
388   63.0
389   60.1
390   60.1
391   59.0
392   60.1
393   60.1
394   60.1
395   60.1
396   60.1
397   60.1
398   60.1
399   60.1
400   60.1
401   60.1
402   60.1
403   61.0
404   61.0
405   60.1
406   60.1
407   60.1
408   59.0
409   59.0
410   59.0
411   55.9
412   57.0
413   57.0
414   61.0
415   62.1
416   62.1
417   61.0
418   60.1
419   60.1
420   54.0
421   55.9
422   55.0
423   54.0
424   55.0
425   55.9
426   55.9
427   57.0
428   59.0
429   59.0
430   59.0
431   57.0
432   57.9
433   57.0
434   55.9
435   57.9
436   57.9
437   60.1
438   60.1
439   61.0
440   59.0
441   60.1
442   61.0
443   63.0
444   61.0
445   61.0
446   62.1
447   61.0
448   64.9
449   64.0
450   64.9
451   66.0
452   66.0
453   66.0
454   66.0
455   64.9
456   64.9
457   64.9
458   64.9
459   64.0
460   64.9
461   66.9
462   68.0
463   70.0
464   71.1
465   71.1
466   71.1
467   70.0
468   69.1
469   69.1
470   68.0
471   66.9
472   68.0
473   70.0
474   71.1
475   72.0
476   72.0
477   73.0
478   69.1
479   69.1
480   69.1
481   69.1
482   69.1
483   69.1
484   69.1
485   69.1
486   68.0
487   68.0
488   71.1
489   72.0
490   72.0
491   73.0
492   75.0
493   73.0
494   73.0
495   73.0
496   72.0
497   71.1
498   72.0
499   72.0
500   72.0
501   72.0
502   72.0
503   73.9
504   73.9
505   73.9
506   73.9
507   73.9
508   73.9
509   73.9
510   73.9
511   73.9
512   75.9
513   75.9
514   75.9
515   78.1
516   75.9
517   75.9
518   75.9
519   73.9
520   70.0
521   72.0
522   73.9
523   75.0
524   75.0
525   75.0
526   75.0
527   75.0
528   75.0
529   75.0
530   73.9
531   73.0
532   73.0
533   73.9
534   77.0
535   75.0
536   75.9
537   75.0
538   75.0
539   75.0
540   73.9
541   73.9
542   73.9
543   73.9
544   73.9
545   73.9
546   73.9
547   75.0
548   75.9
549   75.9
550   77.0
551   77.0
552   77.0
553   75.0
554   75.9
555   77.0
556   75.9
557   75.9
558   77.0
559   77.0
560   77.0
561   75.9
562   75.0
563   75.0
564   75.0
565   75.0
566   75.0
567   75.0
568   75.0
569   75.0
570   73.9
571   75.0
572   75.0
573   75.9
574   75.9
575   75.0
576   75.0
577   75.9
578   77.0
579   78.1
580   78.1
581   79.0
582   75.9
583   75.9
584   77.0
585   75.9
586   75.9
587   75.9
588   73.9
589   73.0
590   73.0
591   72.0
592   72.0
593   73.0
594   72.0
595   73.9
596   75.9
597   75.9
598   75.9
599   75.9
600   75.9
601   73.0
602   73.0
603   75.0
604   73.9
605   73.9
606   71.1
607   73.9
608   75.9
609   75.9
610   75.9
611   75.0
612   75.0
613   73.9
614   73.9
615   73.0
616   73.0
617   72.0
618   72.0
619   73.9
620   73.9
621   73.9
622   73.0
623   73.9
624   73.9
625   75.0
626   73.9
627   73.9
628   73.0
629   73.0
630   75.0
631   75.0
632   75.0
633   75.9
634   75.0
635   75.0
636   75.0
637   73.9
638   73.9
639   72.0
640   72.0
641   72.0
642   70.0
643   72.0
644   73.0
645   75.0
646   75.0
647   77.0
648   77.0
649   75.0
650   73.9
651   73.9
652   73.0
653   73.9
654   73.9
655   75.0
656   75.0
657   70.0
658   66.9
659   68.0
660   69.1
661   69.1
662   68.0
663   69.1
664   69.1
665   69.1
666   69.1
667   71.1
668   71.1
669   71.1
670   73.0
671   73.9
672   75.0
673   75.0
674   75.0
675   73.9
676   73.9
677   70.0
678   69.1
679   69.1
680   70.0
681   70.0
682   70.0
683   69.1
684   69.1
685   69.1
686   69.1
687   69.1
688   69.1
689   69.1
690   69.1
691   70.0
692   70.0
693   70.0
694   71.1
695   70.0
696   70.0
697   72.0
698   73.9
699   73.9
700   73.9
701   75.0
702   73.9
703   72.0
704   71.1
705   72.0
706   71.1
707   70.0
708   71.1
709   71.1
710   70.0
711   69.1
712   69.1
713   69.1
714   69.1
715   70.0
716   71.1
717   72.0
718   72.0
719   73.0
720   73.0
721   73.0
722   71.1
723   71.1
724   71.1
725   70.0
726   70.0
727   71.1
728   70.0
729   69.1
730   69.1
731   69.1
732   71.1
733   70.0
734   70.0
735   70.0
736   70.0
737   70.0
738   70.0
739   71.1
740   71.1
741   73.0
742   72.0
743   72.0
744   71.1
745   71.1
746   71.1
747   73.9
748   73.9
749   72.0
750   73.9
751   73.0
752   71.1
753   72.0
754   71.1
755   71.1
756   71.1
757   70.0
758   70.0
759   70.0
760   70.0
761   71.1
762   71.1
763   72.0
764   73.0
765   73.0
766   73.0
767   73.0
768   71.1
769   71.1
770   73.0
771   75.0
772   69.1
773   70.0
774   71.1
775   73.0
776   73.0
777   72.0
778   71.1
779   71.1
780   71.1
781   71.1
782   71.1
783   71.1
784   71.1
785   71.1
786   71.1
787   71.6
788   75.0
789   75.9
790   75.9
791   77.0
792   75.9
793   75.9
794   73.0
795   73.9
796   73.9
797   75.0
798   75.9
799   75.9
800   78.1
801   77.0
802   75.9
803   75.9
804   75.9
805   69.1
806   70.0
807   70.0
808   70.0
809   70.0
810   71.1
811   71.1
812   71.1
813   73.0
814   73.0
815   73.0
816   73.9
817   75.9
818   75.9
819   75.9
820   75.9
821   75.9
822   77.0
